temp = [288; 281; 269; 256; 223];

alt = [1000; 3000; 5000; 10000];